-65.755254949856	-22.041238552717
-65.7166639400887	-22.0530424999114
-65.6771633290244	-22.0625906830136
-65.6242750970181	-22.0720413751093
-65.5703754145937	-22.0788588243752
-65.4821035608306	-22.0865384410961
-65.1773677279382	-22.1043204004661
-65.11653915226	-22.1096496246304
-65.0561664663093	-22.1168222854201
-64.9920821901409	-22.1273361938103
-64.9428588195788	-22.1378989488774
-64.8944987226379	-22.1506286455955
-64.8472109395332	-22.1656490099938
-64.807256507182	-22.1806851907689
-64.7684880962486	-22.1976774221753
-64.7181649375618	-22.2241807432467
-64.677424234241	-22.2507201640043
-64.6397012420186	-22.2809353046206
-64.6035951642854	-22.3168657780332
-64.5709139207408	-22.3561186114847
-64.5412228258727	-22.3977168750337
-64.5111283392014	-22.4458627543626
-64.4405512960055	-22.5736217437484
-64.4158364315061	-22.6157860729688
-64.3914768172013	-22.6509172784096
-64.3672043445048	-22.6761058787832
-64.3513607523968	-22.685522518949
-64.3357268327271	-22.68817400003
-64.3221961773117	-22.6841897641463
-64.2989839342611	-22.6642018028709
-64.2760809851493	-22.631569212649
-64.2523284096284	-22.5900580079706
-64.1798279782785	-22.4555285436073
-64.1339064335351	-22.373565929524
-64.1011318313689	-22.3179567860768
-64.0666958801107	-22.2634714264651
-64.0300882306873	-22.2113375628782
-63.9905901602077	-22.1629559622478
-63.9472309170731	-22.1200089719364
-63.8963518280744	-22.082613643205
-63.8450970553848	-22.056251348421
-63.8093594289944	-22.0429490623493
-63.7672362563481	-22.0310236958868
-63.7142610239271	-22.0191998323064
-63.6700637133696	-22.0110864230999
-63.6053715323703	-22.0023084634648
-63.5392723998013	-21.9962741932993
-63.4722601567807	-21.9922810190537
-63.4047322775725	-21.9898748712283
-63.337027108714	-21.9888194565526
-63.2096912791292	-21.9905477502784
-63.1505369982838	-21.9934380930935
-63.092290069531	-21.9981517816793
-63.0353096011571	-22.0052608999705
-62.980040986902	-22.0155396365449
-62.9270403351433	-22.030002684776
-62.8696535881425	-22.0535872543483
-62.8284210563866	-22.0778243782924
-62.7807327260344	-22.1124021580331
-62.6991432325741	-22.1802632747303
-62.5654112654175	-22.2992062802456
-62.4327289087121	-22.4112700773521
-62.386250191693	-22.4527828954143
-62.3449835342627	-22.492898150829
-62.3052279177342	-22.5347807233517
-62.2669635453313	-22.5782482664443
-62.2302511680569	-22.6232130395501
-62.1947493322158	-22.6700576079722
-62.160388411396	-22.7179165990718
-62.0590002009984	-22.8631973191009
-62.0244884575762	-22.9104481436668
-61.9889836000131	-22.9568552935369
-61.9523041127446	-23.0021976748827
-61.9142007513635	-23.0461917629395
-61.8739504816294	-23.0890720244543
-61.8320984383922	-23.1302869285988
-61.7887455147936	-23.1698234837667
-61.7141693663232	-23.2314172278228
-61.6282249031567	-23.2952912910602
-61.4503027534693	-23.4224577567201
-61.2226564826105	-23.5761148836949
-61.1394576298657	-23.6374529352047
-61.0132858314759	-23.7347205581072
-60.9696887365459	-23.7643629043245
-60.9245505993306	-23.7919491467357
-60.8780475574488	-23.8175495268891
-60.8302908975069	-23.8411340092271
-60.7779217883598	-23.864102571976
-60.7244701877489	-23.8850581201361
-60.6701661674346	-23.9043247414936
-60.6151838892251	-23.9221171878579
-60.5596508464094	-23.9385522424919
-60.5036557625034	-23.9536575172805
-60.4437612056151	-23.9682682368896
-60.323262358571	-23.9941592914181
-60.1649567690396	-24.0251366299515
-60.116459869927	-24.0362147657988
-60.061195760376	-24.0513756411729
-60.0066516633436	-24.0690428812239
-59.9528609967376	-24.0890445562612
-59.8999010428988	-24.1113390447611
-59.8406686127663	-24.1394712610898
-59.7824281447431	-24.1699924023275
-59.7250066731194	-24.2023854113576
-59.6682981813159	-24.2362908669299
-59.5683065587007	-24.300172921543
-59.3634664204389	-24.4409153540603
-59.2736077722808	-24.4990454365976
-59.1814097221809	-24.5536709681406
-59.1252067599839	-24.5846916063325
-59.0110332756651	-24.643685914873
-58.8951489318777	-24.6993764379722
-58.7778970115378	-24.7517223940732
-58.6697976490422	-24.795707708344
-58.523252288862	-24.8520918767387
-58.3856038191609	-24.9080005124137
-58.3468196440113	-24.9230624542688
-58.2925353458295	-24.941676609388
-58.1817819580709	-24.9752345615257
-58.1271723535212	-24.9935246027782
-58.0691814374733	-25.0155878360098
-58.0122159284223	-25.0404125976632
-57.956800116732	-25.0682595202606
-57.9110504845921	-25.0947639097266
-57.867199395036	-25.1237058378541
-57.8256405892417	-25.1550909433923
-57.7793585116859	-25.1960176049285
-57.7374442893225	-25.2399079606838
-57.7005739731104	-25.286234524104
-57.6698963237563	-25.3346735563395
-57.6523518645469	-25.3711981326877
-57.6396548051251	-25.4085943391574
-57.6337128737501	-25.437591685308
-57.6312819280185	-25.4668234469445
-57.6354820299717	-25.5158692814421
-57.644146300911	-25.5492789515623
-57.6567613493568	-25.5822376197703
-57.680184469038	-25.6289150168145
-57.7417992455387	-25.73162389063
-57.7734945209554	-25.7823925087073
-57.8257798942267	-25.8624197484726
-57.8860823287364	-25.9511624620779
-57.9100084922981	-25.9845765811443
-57.9514952785842	-26.0379747611263
-58.0178906199561	-26.118970137262
-58.0495727859553	-26.1602333853624
-58.0767966627358	-26.1998518624735
-58.0992441160231	-26.2364314278681
-58.1240576649292	-26.2810120744476
-58.1456687433178	-26.3254062259165
-58.1598423051782	-26.3589575905203
-58.1725744552469	-26.3930444753223
-58.1865425454021	-26.4356305038446
-58.2301662143992	-26.5832072712985
-58.2418930663119	-26.6158624345037
-58.2547282274257	-26.6471563901553
-58.2888245155389	-26.7190746597677
-58.3100531626233	-26.7570570731254
-58.3519393917895	-26.8231090317564
-58.39437630822	-26.8831409780736
-58.4415881894433	-26.9435007011963
-58.4766368047447	-26.9908927858733
-58.5059855780719	-27.0357682419108
-58.5336397228949	-27.0841206595408
-58.5470099923173	-27.1124796624064
-58.5565384164148	-27.1400043246398
-58.5612407924286	-27.1816638850802
-58.5528988888726	-27.2156269674106
-58.5326719993133	-27.2433685506181
-58.5007415313965	-27.263219028935
-58.4596463405062	-27.276233389859
-58.4117422304196	-27.284343039
-58.3588533482034	-27.2891464151749
-58.1826560928044	-27.296454651461
-58.0640054362019	-27.3043615259636
-57.9438429409989	-27.3168415070299
-57.8837058396527	-27.3248420117494
-57.823716718152	-27.3341438804357
-57.7614502227495	-27.3452814192021
-57.5143749984074	-27.3967077663503
-57.3913363921607	-27.420792635072
-57.279764266108	-27.4381366407933
-57.224032241095	-27.4449917851427
-57.1684135126735	-27.450533243914
-57.1129751333957	-27.4545987587257
-56.9252582604603	-27.4636561826866
-56.8008901846343	-27.4756481592351
-56.7165503422245	-27.4822245596157
-56.5679532993053	-27.4873755345532
-56.4843937078033	-27.4882220025434
-56.4433927874471	-27.4852835990588
-56.387771683916	-27.4738257946247
-56.3425265192834	-27.4579189406066
-56.2186857924153	-27.4044445475778
-56.1816350569123	-27.3908549586894
-56.143670324226	-27.3793537080072
-56.1014878233044	-27.3697300322152
-56.0586633485347	-27.3631176877311
-56.0069261534192	-27.3588811416513
-55.9553898434664	-27.3576734474716
-55.8336845343138	-27.3580743508506
-55.7980574139185	-27.3552733961503
-55.76824231603	-27.3500880644126
-55.7393055338233	-27.3419478581071
-55.7026456697618	-27.3263469102816
-55.6682610841817	-27.3057630159504
-55.6427351391154	-27.2863248534092
-55.618572393601	-27.2646905761092
-55.5318540566194	-27.1755292244941
-55.507463200766	-27.1521774408362
-55.4376843706372	-27.0899542882598
-55.3927690791297	-27.053617661226
-55.3599531809945	-27.030179652369
-55.3259371294949	-27.0082304513742
-55.2162921246818	-26.9440326366968
-55.1859540998018	-26.9250614714097
-55.1563246966274	-26.9049956971936
-55.1225490671857	-26.8799883246015
-55.0490584786658	-26.8218105249358
-55.0186914236702	-26.7962527447683
-54.969937836462	-26.7517762136013
-54.9277593006512	-26.7095766183662
-54.890269375831	-26.670022536311
-54.8502321824692	-26.6240183870389
-54.8118852208262	-26.571141382169
-54.7782691841755	-26.5142935395152
-54.7532485178048	-26.4629370606967
-54.7313152833736	-26.4095538193532
-54.7121641340675	-26.3545480859254
-54.6956688176618	-26.2982248870688
-54.6813000957228	-26.2388731987391
-54.6691372246032	-26.178762646279
-54.6494025546841	-26.0577411456373
-54.6251030240853	-25.8800645342508
-54.6158319742661	-25.8241720279167
-54.6043965233808	-25.7713777175076
-54.5896351934094	-25.7228779909265
-54.5701598582908	-25.6801970506533
-54.5442836524686	-25.645267441739
-54.5238127498585	-25.6279730965811
-54.5005812451283	-25.6141979442797
-54.4687528169889	-25.6010251983542
-54.425310151842	-25.5878699865106
-54.3981377288731	-25.5808688543141
-54.370042353272	-25.5745197809631
-54.3255682673616	-25.5667097589482
-54.2912279742915	-25.5626624769916
-54.2566528043834	-25.5602183903664
-54.2060808995138	-25.5600344924978
-54.1625324740943	-25.5649577186238
-54.1281245645969	-25.5729159372207
-54.0931032581088	-25.5845609157536
-54.0643800819752	-25.5966518159285
-54.0365909228328	-25.6109784846693
-54.0038238992535	-25.632053306315
-53.9729317130281	-25.6563243149151
-53.9309263434759	-25.6975284784565
-53.9075104777263	-25.726957568437
-53.8863197766364	-25.7587825000123
-53.8620473704897	-25.8020025110071
-53.8399805714462	-25.8474998662258
-53.8193292333574	-25.8945411892245
-53.7643996437286	-26.0304215450183
-53.7481968516034	-26.0748361128963
-53.7321993594128	-26.1241131388103
-53.7188197631215	-26.173819054106
-53.7088909815336	-26.2239922409491
-53.7025958504181	-26.283858435918
-53.7018104320058	-26.3569894071354
-53.7052639752522	-26.4459234182311
-53.7087251366557	-26.5009949793348
-53.7175543288691	-26.6112521112959
-53.7265276212527	-26.7058934898926
-53.7378375483641	-26.8035082915744
-53.7440515372486	-26.8398496409481
-53.7521993877914	-26.875535353074
-53.7665125442185	-26.9214158122899
-53.78477105524	-26.9656219973572
-53.8079530693786	-27.0098295179179
-53.8350833465192	-27.051527502792
-53.8661232409947	-27.0902604354707
-53.893512406872	-27.118610146541
-53.9369013582111	-27.1567171897465
-53.985884889476	-27.1941096829155
-54.0371324972669	-27.2286652107309
-54.0686735209662	-27.2478706071428
-54.2733331877764	-27.3641171106161
-54.3059770770804	-27.3810970078206
-54.3393946882143	-27.3969632070863
-54.3931092442962	-27.4195437006812
-54.5445904552852	-27.4747101501533
-54.6316979019366	-27.5097975900867
-54.7094836723336	-27.544684626894
-54.7575244541902	-27.567912769059
-54.8007861460637	-27.5923742675583
-54.8507127828686	-27.626592526224
-54.9731180541548	-27.7259017846396
-55.0933691082977	-27.8160399771631
-55.1295636883135	-27.8412840198416
-55.1671002393845	-27.8653117546338
-55.2913063886788	-27.94148419434
-55.3375219532755	-27.9720216825546
-55.5612846385752	-28.1287107550972
-55.5986090890382	-28.1570036991614
-55.6327829904426	-28.1859279565099
-55.6628997245426	-28.2155571546389
-55.6882493728103	-28.2458012723108
-55.7160718968005	-28.2844019731725
-55.7345036748047	-28.3079965971652
-55.7524529755244	-28.326812438743
-55.775468119558	-28.3460213982689
-55.8526762652974	-28.398584406645
-55.874102140901	-28.4148352837213
-55.9199653619119	-28.4548160689064
-55.9798546056055	-28.5102890729823
-56.0112759547215	-28.5412738668954
-56.2121628738175	-28.7479621902029
-56.2771392243956	-28.821156442216
-56.3085140156093	-28.8589800847631
-56.4069606164393	-28.9826932535908
-56.4467953553213	-29.0299401301328
-56.4879219001755	-29.0759152546852
-56.5885117689029	-29.1838642946014
-56.6181627836855	-29.2177481889277
-56.7455066217332	-29.3698860524993
-56.8219885235515	-29.4552351437868
-56.8635475155054	-29.498760753406
-56.9060823510196	-29.5413177733965
-56.9496363270548	-29.58276147766
-56.9970721925276	-29.6254651626871
-57.0453953057487	-29.6669509210481
-57.1702556380872	-29.7693906331712
-57.2072689815782	-29.8010464382425
-57.2451432757416	-29.8358411038838
-57.2814539915084	-29.8719325613386
-57.3794657485454	-29.9764271002305
-57.5102839392524	-30.1078690445207
-57.5525202187331	-30.1521904165544
-57.5937289040656	-30.1996663818979
-57.6251481784456	-30.2399552226553
-57.6620365611383	-30.2927497659888
-57.7178742115256	-30.3782574374308
-57.7440758514194	-30.4210506634573
-57.7682442770517	-30.4643198107107
-57.789302001686	-30.5084865200369
-57.8056921819486	-30.5522649569622
-57.817818339145	-30.5970435847935
-57.8272958553194	-30.655000302322
-57.8422113677604	-30.8015731871528
-57.8482487936469	-30.8451503162341
-57.8584350331502	-30.9007269716724
-57.8755340905258	-30.9835626215177
-57.8980146559516	-31.1045289298661
-57.908015243009	-31.1468722691399
-57.9194844427528	-31.189082322591
-57.9356088032036	-31.2413838171094
-57.9810823021065	-31.3771702441114
-57.9933805274893	-31.4190066067694
-58.0020156891727	-31.4541129171773
-58.0089589176199	-31.4891371149859
-58.0227433419316	-31.5809076381769
-58.0298926140529	-31.6195151801814
-58.0439824445342	-31.6774222137641
-58.0557845885879	-31.7165923104867
-58.0690457612528	-31.7552552156556
-58.1081300527597	-31.8573047677008
-58.1198803140252	-31.8913645298491
-58.1324507704866	-31.9386779903969
-58.1423016590942	-31.9984606581328
-58.1509759943466	-32.0886941086462
-58.1528586944731	-32.1208335996909
-58.1554237291218	-32.2539994031499
-58.1597621935703	-32.3215824764501
-58.1659951572507	-32.3738684414753
-58.1869015844405	-32.5234904201467
-58.1914433487315	-32.5680804637424
-58.1959909415287	-32.6309938657743
-58.2033248705463	-32.7553019388334
-58.2090534143835	-32.8156331066825
-58.2183192850069	-32.8738734559952
-58.2330366579154	-32.9291816988763
-58.2535019586484	-32.9780202180586
-58.2697702537941	-33.0073062016199
-58.2880681227456	-33.034901257387
-58.3520523619269	-33.115192546199
-58.3818136380889	-33.1581181011694
-58.4061823058687	-33.2026454278442
-58.427324136	-33.2504767288179
-58.4458926361362	-33.3008414406799
-58.463841074406	-33.3583027576661
-58.4793640860836	-33.4174372876007
-58.4923236549127	-33.4777564701849
-58.5023584045167	-33.53886559657
-58.5088612772261	-33.6004368620715
-58.5109487718683	-33.6621851609164
-58.5092868472102	-33.7055558218436
-58.5052176928422	-33.7487675914512
-58.4977585350283	-33.8000178153698
-58.4708236994541	-33.9466808428466
-58.4636581298188	-33.9913950261595
-58.4555239669575	-34.0581276609627
-58.4518773977237	-34.1180049175928
-58.4523556985566	-34.1759622790359
-58.4601417995044	-34.2695634163186
-58.4613900441152	-34.3171823289013
-58.4562583200654	-34.3628611349334
-58.4448564138924	-34.4085765712517
-58.4276127500283	-34.4536577301201
-58.4105352664893	-34.4874375360134
-58.3903633318023	-34.5202232529007
-58.3537081936781	-34.5684215096449
-58.3111617119434	-34.6133520104868
-58.2632851876613	-34.6543922779812
-58.2149324597652	-34.6882052283885
-58.1633135479818	-34.7189888286715
-58.1093273516759	-34.7475757602131
-58.0536784366105	-34.7746467954132
-57.8242702571666	-34.8782130612837
-57.7671246309969	-34.9052230819796
-57.7108035851173	-34.9335085850531
-57.6553995536464	-34.9631457062093
-57.6010966098207	-34.9941595032584
-57.5481781947678	-35.0266742112458
-57.4992754693874	-35.0592861242552
-57.452290427761	-35.0934611570067
-57.4076621108177	-35.1292879898488
-57.3660170717304	-35.166969669015
-57.3282073479907	-35.2068333067117
-57.2976096987286	-35.2457402743941
-57.271553985528	-35.2865488675362
-57.2506322698633	-35.3290160353617
-57.2357136412715	-35.3729868426686
-57.2282805988705	-35.4126070554712
-57.226069874625	-35.4528227165951
-57.2289881647719	-35.493162374444
-57.2389522294618	-35.5415914421912
-57.2537688074844	-35.5898459794084
-57.288002879829	-35.6871334161742
-57.3026458410327	-35.7368701899073
-57.3130686148247	-35.7898532491281
-57.3177604247038	-35.8434542927814
-57.3160383713737	-35.8969471938578
-57.3059554136114	-35.954691812577
-57.2876266601422	-36.0105799697897
-57.2604807276035	-36.0653986595205
-57.2257628469778	-36.1165966553114
-57.1892263600085	-36.1584469259848
-57.1483375167629	-36.1970603477568
-57.1040678818272	-36.2325481226977
-57.0571725619641	-36.2648358696796
-57.0171237151873	-36.2889383093554
-56.9763919727113	-36.3111833882028
-56.8856532039322	-36.3569610126406
-56.8385403677437	-36.3831440158836
-56.7963527334918	-36.4135149550511
-56.7658555708779	-36.4446176590777
-56.7457232126561	-36.4725320029495
-56.7223358509187	-36.5182602483118
-56.705516629289	-36.5682115058563
-56.6944478140153	-36.621191144056
-56.6887487661426	-36.6762069022267
-56.6884627727387	-36.7324151119678
-56.6934111466071	-36.7854092085681
-56.7036740020535	-36.8382107675129
-56.7200569247872	-36.8920168197204
-56.7415611241465	-36.9448863710091
-56.7708287975109	-37.0031868462959
-56.8041302522093	-37.0603845818829
-56.8403414472	-37.1166901962955
-56.8786536257642	-37.172249865339
-56.9595503480701	-37.2814171574758
-57.0445564721035	-37.3878795622919
-57.1293518517065	-37.4861207606645
-57.2941608085744	-37.6682752673896
-57.3338681764751	-37.7144506367874
-57.3721708240243	-37.7614376892979
-57.4116399354346	-37.8134223364716
-57.4491873647051	-37.8663101125217
-57.5484119132792	-38.0158168044019
-57.5825400230036	-38.0613098401769
-57.6233416437018	-38.106771343023
-57.6682837934623	-38.1485423582432
-57.7180174429506	-38.1875852152854
-57.7707202950056	-38.2236266641392
-57.8256428564326	-38.2573691697513
-57.8822273533096	-38.2893100725018
-57.9400737006407	-38.3197702495973
-57.9989121647645	-38.3489148921086
-58.058582552143	-38.3767663562822
-58.1190193975272	-38.4032094497563
-58.1802424913978	-38.4279897516257
-58.2422860268786	-38.450890537868
-58.3680909207594	-38.4925474605968
-58.4951717143031	-38.5309241196524
-58.686803629284	-38.5853782808829
-58.8791026883384	-38.6369059141766
-59.007874880921	-38.6685334112879
-59.0742779762476	-38.6834100397415
-59.2075447996527	-38.7110409487807
-59.7781438644478	-38.821509631864
-59.8964375954187	-38.8425261567567
-59.9633048362492	-38.8531207244419
-60.164522317351	-38.8818007996671
-60.5682464100437	-38.9337138059473
-60.7031100579828	-38.9498887451694
-60.8382118706812	-38.9646528630391
-60.975627213625	-38.9767644799967
-61.045483606683	-38.981285052663
-61.1154632572235	-38.9844260644113
-61.1835788128119	-38.9859781197944
-61.3884526792477	-38.9852866076907
-61.4996706513794	-38.9831284047521
-61.5552117943888	-38.9809437581479
-61.6106401417291	-38.977450838985
-61.6728161680317	-38.9715281917726
-61.7346401807997	-38.96370512689
-61.795942740565	-38.9542743511803
-61.909981745661	-38.9326604264375
-62.0129848128988	-38.908983694342
-62.14778672148	-38.8748001629971
-62.1868162559654	-38.8687495224725
-62.2192861426414	-38.8682457681277
-62.2481969416355	-38.8731332435044
-62.2723679663085	-38.8840121075727
-62.2954983027045	-38.9089185933184
-62.3051293961047	-38.9347370743565
-62.3091382194532	-38.9649342851891
-62.3092919180875	-38.998390690378
-62.3064854226641	-39.0373320508334
-62.3002443911657	-39.0775580109934
-62.2896229724222	-39.1177328788692
-62.2752242841734	-39.1536696574287
-62.2568155602899	-39.1876460335376
-62.2383656690404	-39.214893448274
-62.1776264392088	-39.2947400879846
-62.1604412240832	-39.3213322368932
-62.1475132142634	-39.3472632500989
-62.1377934755884	-39.3801043715195
-62.1229310825034	-39.4569902353111
-62.1166833663443	-39.4982186562659
-62.1148886334037	-39.5373480694578
-62.1169196209437	-39.5788690389749
-62.1244685850571	-39.6316330035602
-62.1372707977091	-39.685338885681
-62.1552424654674	-39.7387443043062
-62.1786669710038	-39.7906351449959
-62.2082419031413	-39.8416370822855
-62.2575804498778	-39.9199753475842
-62.2869087150651	-39.9736044743669
-62.3115119251352	-40.0283027071042
-62.3322331576341	-40.0851578423605
-62.3489359629243	-40.1435909883334
-62.3612251753016	-40.2031235555077
-62.3677001762221	-40.2533000599498
-62.370579937614	-40.3036218696535
-62.3696553724974	-40.3537582544399
-62.3647980244093	-40.4036418254099
-62.3568424534164	-40.452743634611
-62.3329140829185	-40.5673239110696
-62.3245541992169	-40.6225231687092
-62.3233065787356	-40.6762291965202
-62.3292919941302	-40.7162924801139
-62.3413988689626	-40.7548377332747
-62.3593856552238	-40.7913028671336
-62.3883754587604	-40.8315627847946
-62.4243175496152	-40.8679629174546
-62.4671824408169	-40.9013684138212
-62.5147009306034	-40.9315100150751
-62.5656765780116	-40.9591251589989
-62.6192004625313	-40.9847483342681
-62.6745952076027	-41.0087374314872
-62.7313692914596	-41.0312928735672
-62.7891806560624	-41.0524694094357
-62.8438266336922	-41.0708994751306
-62.8990814766288	-41.0878739494232
-62.9549096913291	-41.1030951072534
-63.0179533385757	-41.1176974694626
-63.0815281038389	-41.1299402768223
-63.1454846924645	-41.1399813720427
-63.2097236574208	-41.1477809826062
-63.2780011305477	-41.153503373282
-63.346394684567	-41.1569516204209
-63.4147950383603	-41.1584018347768
-63.4831044751913	-41.157909795001
-63.5512257612598	-41.1553140952693
-63.6190516119423	-41.1502278085665
-63.6690469335691	-41.1445290421815
-63.7187534343235	-41.1370039514711
-63.7681022818948	-41.1274496673682
-63.8290823501703	-41.1125259198353
-63.8895748366094	-41.0949439184271
-63.9497453064008	-41.0754799939065
-64.2602425074857	-40.9652621964931
-64.4493059596023	-40.901523560364
-64.6204907788264	-40.8489623749136
-64.7211320231243	-40.8210874968904
-64.8345136283012	-40.7919975025827
-64.8599720990331	-40.7872031115343
-64.9053023817995	-40.7852071372995
-64.9375738888239	-40.789696012461
-64.9753048094693	-40.8019965877722
-65.0112692637655	-40.8214089901327
-65.0441490686246	-40.8475425504483
-65.0693091658853	-40.8757585260351
-65.0904444615426	-40.9084626654196
-65.1123174243097	-40.960427104827
-65.1232677233267	-41.0043703101417
-65.1296775305935	-41.0508796418819
-65.1319866037987	-41.0992707420511
-65.1295369557658	-41.1632858936291
-65.1222290387391	-41.2286709420103
-65.1110699477199	-41.2960816764282
-65.0695286337394	-41.5005276103609
-65.0571847191994	-41.5689631762096
-65.0484848360063	-41.6277975700018
-65.0413733731826	-41.6863298068751
-65.0243152313628	-41.8533013652657
-65.0157754194	-41.9055201194579
-65.0028248392949	-41.9555291215717
-64.986635114319	-41.9968300926346
-64.9659008119729	-42.0356654697856
-64.940844386759	-42.0716432646249
-64.9097865984727	-42.106279096503
-64.8749353232066	-42.1373832871089
-64.8256902502048	-42.1728786109591
-64.7739185292167	-42.2044175518285
-64.6301628804126	-42.2836493421434
-64.6035471117098	-42.2996261040614
-64.5861560516604	-42.3114433333431
-64.5325064715963	-42.3535539316686
-64.5001715120056	-42.3740781236065
-64.4689349411946	-42.387222472539
-64.4345981725676	-42.3964216818151
-64.3981869584613	-42.4018248392449
-64.3595156221482	-42.4035022556246
-64.3207187090012	-42.4015317375996
-64.282856060159	-42.3961401787262
-64.2449312789553	-42.3867902241894
-64.2107245675847	-42.3738329027662
-64.1818251782893	-42.3572597644265
-64.1593523587243	-42.3366292195628
-64.147667761458	-42.3193716162071
-64.1404351176865	-42.3022250575403
-64.1326567652974	-42.2580355602929
-64.1236835385644	-42.2379615518841
-64.1120585546585	-42.2255221904966
-64.0913122976244	-42.2113409601172
-64.0646824446391	-42.1986176216059
-64.0334749561043	-42.1875281462069
-63.9867662608542	-42.1758304629055
-63.9362590334276	-42.1687912399237
-63.8840089585466	-42.1681104918057
-63.8455109863429	-42.1728839358449
-63.8080282569984	-42.1829562645199
-63.7799390273642	-42.1949731639803
-63.7533781227021	-42.2105009528566
-63.7173385192572	-42.2397464912075
-63.6878164843432	-42.2736197573459
-63.6632993384936	-42.3123337287186
-63.6412365405339	-42.3628251802378
-63.6266759257533	-42.4169267307839
-63.6207153496337	-42.4602660944047
-63.6192838366797	-42.5041016373806
-63.6223708234547	-42.5477146530088
-63.6296430697718	-42.588427382018
-63.6411763992714	-42.6276399042582
-63.6571206174225	-42.6646560833116
-63.6823332692649	-42.7051217991317
-63.7029391214433	-42.729415796202
-63.7262818893976	-42.7509653204931
-63.7667081987244	-42.7781615826909
-63.8115561930638	-42.7989615661234
-63.8594233338197	-42.8138476302639
-63.9091252156562	-42.8229252422061
-63.959630592278	-42.8259229883552
-64.010002447455	-42.8221832025927
-64.051451498188	-42.8132817219739
-64.0916399557194	-42.7991464712326
-64.1456275945378	-42.7709425330714
-64.1967113503485	-42.7359280632295
-64.2775080491571	-42.6731687411444
-64.3173617097751	-42.6454524117993
-64.359240334274	-42.6207857374717
-64.4072423427598	-42.5985253773442
-64.4570948169722	-42.5816248929744
-64.5081472098258	-42.5706418361518
-64.5567143594801	-42.5662207752685
-64.6050711019498	-42.5672173158264
-64.6524520125503	-42.5732974478189
-64.7054844967121	-42.5863161911392
-64.7553040539389	-42.604015331942
-64.8008805746787	-42.6246099965541
-64.8351437895542	-42.6434279992027
-64.8637152446628	-42.6635499648589
-64.8846607087247	-42.6853857658404
-64.8959285484637	-42.7091046833344
-64.8960046985579	-42.7333590185038
-64.8818286069047	-42.7595681074822
-64.8553739544444	-42.7845215324427
-64.8198872829717	-42.8083306537366
-64.7780471359665	-42.8310668874269
-64.7321130178015	-42.852757649346
-64.6840656079414	-42.8733835402182
-64.5414915406021	-42.9307548611479
-64.503560916503	-42.9490597016439
-64.477043304305	-42.9670444788196
-64.4634048867261	-42.9878635512619
-64.4639579949655	-43.0018153079301
-64.4709562187545	-43.0162183569915
-64.4948125238788	-43.0402108392588
-64.5260944403061	-43.060805788956
-64.5644703340386	-43.0810849947766
-64.7040257999507	-43.1452993057184
-64.7619714738044	-43.1738396379889
-64.8198533443563	-43.2055235315857
-64.8699133443254	-43.2364233575519
-64.9185945370082	-43.2700035634137
-64.9654823826058	-43.3061737070509
-65.0112893132512	-43.3458991486268
-65.0547421092609	-43.3878844489082
-65.0957482160073	-43.4317489959194
-65.1340401957984	-43.4772640417021
-65.1691509614477	-43.524340431066
-65.1899982717028	-43.5559470845902
-65.2087806090378	-43.5884510411826
-65.2342868931256	-43.6444142243369
-65.2495744928685	-43.6912831455007
-65.2606474216412	-43.7394479159885
-65.2679230646976	-43.788506509168
-65.2724911089775	-43.8516544004302
-65.2750980475368	-43.9785928699649
-65.2780822822715	-44.0414648645119
-65.2843527045137	-44.1012082831357
-65.3009772687859	-44.2183030676324
-65.3122684000666	-44.2754455758526
-65.3226016769258	-44.3122438437783
-65.3355318037497	-44.348235373064
-65.3617883319659	-44.40422844069
-65.3938916145063	-44.4571363462653
-65.4306301323747	-44.506500486808
-65.5469446084069	-44.6448059022705
-65.5799177080357	-44.6909597365026
-65.5992526275067	-44.7241778816039
-65.6152249971359	-44.7574494967968
-65.6279199080773	-44.7900717061443
-65.6541633160841	-44.8698848820816
-65.6760515421449	-44.9084028039462
-65.6910869566976	-44.9255078022433
-65.7089171979703	-44.9403422273119
-65.7448660948943	-44.9595055246602
-65.7870230352848	-44.9726183703415
-65.8360207479591	-44.9813634111924
-65.8887913864133	-44.9866448849534
-66.059975221779	-44.995593773334
-66.1189332381784	-45.0004929551857
-66.1779098336718	-45.0085224693365
-66.2320405834062	-45.0196689914308
-66.2857365900715	-45.034032595328
-66.3389526726277	-45.0510341868782
-66.3905397933767	-45.0697305894951
-66.5965480511516	-45.1523007765596
-66.7634520416784	-45.2113637357477
-66.8182086530069	-45.2325009406658
-66.8716463303139	-45.2562641003079
-66.9280857548537	-45.286654278672
-66.9805696957349	-45.3207714886133
-67.0309892239734	-45.3585360798762
-67.0797479598004	-45.3991400970378
-67.1271014905413	-45.4420004556565
-67.1731657909684	-45.4867276098913
-67.2179194949887	-45.5331011844721
-67.2611994727774	-45.5810525557308
-67.3001374598758	-45.6272489773584
-67.3743111329524	-45.7224975970864
-67.4457804394157	-45.822784896106
-67.4796850388335	-45.8751199002631
-67.5104080041261	-45.9282630576939
-67.5366154275599	-45.9825248260598
-67.552011768828	-46.0230794713405
-67.5636563129884	-46.0643427446219
-67.5722431990644	-46.1160397517331
-67.574381837252	-46.1681422667522
-67.5706321733361	-46.2158670727072
-67.5617372829492	-46.2630986517813
-67.5518043006279	-46.2980867454069
-67.5391723215454	-46.3324118012636
-67.5166678782199	-46.3798564261331
-67.4893026720806	-46.4253810631855
-67.4586943325774	-46.4673336002654
-67.4246930875159	-46.507480123309
-67.3879395563654	-46.546003061592
-67.3382006890105	-46.5927285471847
-67.2858710052427	-46.6376048503835
-67.23173704313	-46.6810584809641
-67.1763392124846	-46.7233529034137
-67.0629783465734	-46.8047833355824
-67.0052608307227	-46.8437185239907
-66.9468099905886	-46.881074159345
-66.8874524836452	-46.9163290611372
-66.8268994953154	-46.9487398371737
-66.7647368500255	-46.9772940702651
-66.7032009440683	-47.0001557207099
-66.6400216448829	-47.0186392016378
-66.576339038316	-47.0329112239738
-66.5116916498497	-47.0442158846553
-66.4464270773477	-47.0535458436657
-66.250188101	-47.0778127288743
-66.1858699642274	-47.0871992003828
-66.122932405506	-47.0986338032074
-66.0620994870017	-47.1131700148842
-66.0043263678675	-47.1321032305796
-65.960811910741	-47.1514660632082
-65.9206740742491	-47.1747053785504
-65.8846867789716	-47.2019775336362
-65.84697648068	-47.241665138935
-65.8180583081444	-47.2868937263643
-65.8034784020066	-47.3220134537578
-65.7941981539216	-47.3589026557329
-65.7901327083578	-47.4051567967487
-65.7931606303588	-47.4521312542539
-65.8025872197244	-47.498796690315
-65.8180932171283	-47.5441127943699
-65.8326233215091	-47.5747138610558
-65.8498448080914	-47.6038347812501
-65.8735801346155	-47.6364967864974
-65.8998037044773	-47.6665245911369
-65.9335718938278	-47.6993136139321
-65.967589011024	-47.7283172508404
-66.0300923258002	-47.7772065979061
-66.0521446511547	-47.7973307740959
-66.0619152024246	-47.8147918103937
-66.0568027841211	-47.8294620444378
-66.0477194129205	-47.8371611908362
-66.0353486293357	-47.8441325248961
-65.9892513588631	-47.864503524518
-65.9660186166658	-47.8775447284065
-65.9520831386259	-47.8886428211093
-65.9407971379775	-47.9016596317865
-65.9312169704868	-47.9223302900108
-65.9298393943725	-47.9452550072128
-65.9383062749146	-47.9706754357227
-65.9551137729822	-47.9976123019661
-65.9775956748005	-48.0256188137572
-66.0030501066771	-48.0526018592884
-66.0321748103192	-48.080009588072
-66.0754055520246	-48.1164930159399
-66.1226615063234	-48.1528612271638
-66.1729011908373	-48.1888969419403
-66.2253865130771	-48.2243737262664
-66.2796246337698	-48.2590361996608
-66.3353234099474	-48.2925808706107
-66.3923584195054	-48.3246371114135
-66.4899126941155	-48.3744345669017
-66.9062731419918	-48.5761585488779
-66.9669384673364	-48.6071722910683
-67.0265334672457	-48.6397558034875
-67.0758360743753	-48.6690679195488
-67.1239437855772	-48.7000904139414
-67.1736774062873	-48.73489300261
-67.2222757057592	-48.7711491717968
-67.3172606775382	-48.8464444622421
-67.3634281409959	-48.8854193773024
-67.4080068396439	-48.9257147786141
-67.4503432541378	-48.9678568289295
-67.4897460198629	-49.0122107132538
-67.5262674440872	-49.0586231241578
-67.5598747276366	-49.1067967053037
-67.590328453895	-49.1565564944866
-67.6171719138527	-49.207839647082
-67.6397154066407	-49.2606881650267
-67.6565834614576	-49.3122321803708
-67.7140248476686	-49.5439100687946
-67.7309815792365	-49.6065989748628
-67.7497808903757	-49.6684687811093
-67.7712033566496	-49.7287607241281
-67.7962429978161	-49.7865429506966
-67.8261764267007	-49.840637333646
-67.8455523462637	-49.8687329044
-67.8669123941916	-49.8950705029013
-67.9018957079205	-49.9304242069116
-67.9405166615147	-49.96154934003
-67.9894398302839	-49.9923874194438
-68.0415122063232	-50.017363429079
-68.0958301517401	-50.0362204919821
-68.151655692756	-50.0482122374048
-68.2015054393245	-50.0522882095332
-68.2513125265518	-50.050021607711
-68.2979079782705	-50.0419452640626
-68.3433994357353	-50.0289037741898
-68.3873213603924	-50.011749382428
-68.4287756002137	-49.9914965438304
-68.4679751839076	-49.9690866642181
-68.5590601062389	-49.9103782573507
-68.588528379681	-49.8932249061045
-68.6157569770028	-49.8808179050222
-68.6404037799105	-49.8748623570121
-68.6585061560342	-49.8756824227056
-68.6742302489268	-49.8802370473019
-68.6897117505968	-49.8873477106283
-68.7225110094755	-49.9048911554025
-68.8070795746626	-49.9447964685821
-68.8246635383915	-49.9566358661523
-68.8296219136204	-49.9634058375094
-68.8294011939099	-49.9697424300691
-68.8181327255448	-49.9781527189728
-68.7961726580417	-49.985771467779
-68.7322638674835	-50.0025228481509
-68.6986600085525	-50.0125706595083
-68.6648983554747	-50.024772458682
-68.6327766871943	-50.0394928119437
-68.6128717693167	-50.0510992392385
-68.5951341276378	-50.0640252975294
-68.5782353978453	-50.0803126376181
-68.5656562359465	-50.0978408685612
-68.5579770023368	-50.1169978652592
-68.5567819796046	-50.1364389209194
-68.5664519785759	-50.1622192922865
-68.5904100860566	-50.1896839049882
-68.624715537592	-50.2164203968838
-68.6613143763573	-50.2403906443128
-68.7448251202831	-50.291163593525
-68.7866828580275	-50.3175203206063
-68.8287405447403	-50.3457171873982
-68.8702175104297	-50.3759771628158
-68.910330011221	-50.4086290174152
-68.9474779139745	-50.4430757758263
-68.9823779909515	-50.4798849228509
-69.0147789787668	-50.5188232615842
-69.0418889788932	-50.5559596305325
-69.0667455261851	-50.5943725331658
-69.0945305448487	-50.6430701627577
-69.119638543484	-50.6923145225971
-69.1828177950052	-50.8302999053163
-69.2218277359612	-50.9110562965108
-69.2346301734437	-50.9399676971515
-69.2434214241594	-50.9663312132149
-69.2464314298666	-50.9902585108215
-69.2456505116617	-50.9989303144824
-69.2393128830831	-51.0187149813113
-69.2281216979579	-51.0380108872926
-69.2065441660803	-51.0694974633372
-69.1863025159483	-51.1026100891842
-69.1664862559359	-51.1406502165342
-69.1494214627303	-51.1795391941784
-69.1344274322801	-51.2206805382762
-69.1221803675299	-51.2631222723749
-69.1134845438766	-51.3059561630465
-69.1094669530374	-51.343696190227
-69.1095811588434	-51.3802727554832
-69.114521728395	-51.4148766209593
-69.1233296588367	-51.4427414634478
-69.1438273999145	-51.478114391366
-69.1677455685032	-51.5023379103662
-69.1954914756511	-51.521782318699
-69.2248182002996	-51.5375020300946
-69.2936783819517	-51.5685695490454
-69.3092357819058	-51.5789352752427
-69.3147033928473	-51.5892374076802
-69.3058345944909	-51.6009178680651
-69.2892840228394	-51.6096443172314
-69.2661896710165	-51.6186575440104
-69.2051685531861	-51.6394953673173
-69.0905575468933	-51.6753401542247
-69.0497504340353	-51.6909777332357
-69.0177196854151	-51.7059388377072
-68.986042797537	-51.7232725947544
-68.937798875018	-51.7547127172181
-68.890491886891	-51.7915236475982
-68.8447388813942	-51.8319884056403
-68.8002348507577	-51.8749451014352
-68.7567705856939	-51.9193923785554
-68.6290561109507	-52.0564017576349
-68.5880438348551	-52.101791852512
-68.5512634265659	-52.1447171700613
-68.520820297019	-52.1843024136255
-68.5040899311054	-52.2104303046148
-68.4933610101025	-52.2333916557003
-68.4900742020627	-52.2522930776634
-68.4929894021391	-52.2626853185726
-68.4999546702718	-52.2700850464877
-68.523945083199	-52.2760640074479
-68.5588119284277	-52.2757670468117
-68.6029330682065	-52.2717449314833
-68.6524235661946	-52.2650154673898
-68.7548636110668	-52.2469982750503
-69.0230613714851	-52.1904827912478
-69.1390800425099	-52.1675728795847
-69.254051567226	-52.1491999010545
-69.4239440642671	-52.1267957159495
-69.4802330061483	-52.11842126413
-69.5952177778781	-52.0975408156561
-69.7724141027286	-52.0608687918612
-69.8984221570569	-52.036959621889
-69.9616556125164	-52.0273243736209
-70.0263219290138	-52.0198223487224
-70.0912210350227	-52.0142859351478
-70.2214953130582	-52.0072699947144
-70.4175862888761	-52.0024662453209
-70.6809777782019	-52.0005269544553
-71.284583545794	-52.0009179275203
-71.4799172870531	-51.9993137681159
-71.5987920547095	-51.9953178806156
-71.6570525317489	-51.9915895531153
-71.7141093579605	-51.986103338798
-71.7758033062775	-51.9771326769314
-71.8346608693037	-51.9640464745651
-71.8896440864054	-51.9453502284302
-71.9331325702119	-51.9234887014424
-71.962556674351	-51.904185685421
-71.9911244988965	-51.882988583856
-72.0576309946746	-51.8314558568023
-72.1498569075702	-51.7577497106806
-72.1822607174581	-51.7304155968023
-72.2133102184918	-51.702241965794
-72.2422209401443	-51.6727061379779
-72.2686319503042	-51.6408090915663
-72.2914858099222	-51.6071072802767
-72.3121394385842	-51.5673926890213
-72.326566973487	-51.5256759415914
-72.3328454446615	-51.492827417851
-72.3359097091657	-51.4589794451452
-72.3365492890184	-51.4069853505934
-72.3312899062042	-51.2661403980609
-72.3316926999581	-51.1306968393876
-72.3302972138453	-51.0972175005871
-72.3230105585903	-51.0137453861406
-72.3203650058403	-50.9597043968404
-72.3225626881175	-50.9061707996427
-72.330963088076	-50.8558306050983
-72.3459905220449	-50.8082724965784
-72.3662751993409	-50.7677091998196
-72.3928462537515	-50.7320853871309
-72.4124745455638	-50.713201983085
-72.4344503359142	-50.6969329028312
-72.4587638851451	-50.6833458221519
-72.4849704461291	-50.6725503666061
-72.524255841334	-50.6619919031038
-72.573660742749	-50.6554915422009
-72.6255219741598	-50.6533874757513
-72.6812733543817	-50.6538584884784
-72.7380478789065	-50.6564916143964
-72.7950285370373	-50.6612076421189
-72.9432485230009	-50.6791733212917
-72.9838930914929	-50.6820667874522
-73.0231570054914	-50.6817946004404
-73.0607545998449	-50.6769946452866
-73.0887258276348	-50.6692628049345
-73.115201758954	-50.6578766944538
-73.1392443145734	-50.6434368784091
-73.1619620114377	-50.6260858049159
-73.1848500345014	-50.6050819029074
-73.206600096817	-50.5816958811599
-73.2388128385416	-50.5402658834637
-73.2608464391118	-50.5069862391236
-73.2818582317719	-50.4719775609157
-73.3086482944832	-50.4241066582956
-73.4266639128093	-50.2020344556256
-73.4482525845891	-50.1573605673363
-73.4672503446276	-50.1119147010026
-73.4815593093147	-50.0693206865004
-73.493142764327	-50.0259789531661
-73.50447461691	-49.9702101323916
-73.5120971671505	-49.9142571304621
-73.5301768776607	-49.6444152564589
-73.528762050728	-49.5872048539208
-73.5206135787536	-49.5379789805455
-73.5054095197335	-49.4914054596942
-73.4882171963665	-49.4567588530386
-73.4673381418417	-49.4245217387872
-73.4460771830155	-49.3978238457938
-73.4222250705305	-49.3737103705371
-73.3811947990008	-49.3428218958138
-73.3361366286025	-49.3163311445666
-73.2438005298705	-49.2655533354181
-73.2011696512583	-49.2359220346741
-73.1677683385379	-49.2055768403988
-73.0722058311342	-49.1061746748213
-73.0389687589011	-49.0744972554439
-73.0038284244422	-49.0438515410158
-72.9571712585467	-49.007775006911
-72.9110107756268	-48.9759620588019
-72.8264283446923	-48.9202704484224
-72.7897586141686	-48.8945778724708
-72.7545636989555	-48.8674418090922
-72.7221782298414	-48.8389506553484
-72.6923115504376	-48.8083427601102
-72.6581324914213	-48.7655746215715
-72.6264912535685	-48.7150309041529
-72.5999244025891	-48.6618697108185
-72.5660141320465	-48.5848210121799
-72.5480250282324	-48.5471909307169
-72.5266703033918	-48.5090470746627
-72.5027012241821	-48.4723146568958
-72.4282376402548	-48.3692505769525
-72.4072590352762	-48.3343191711928
-72.3908836938274	-48.2981534612132
-72.3793398224748	-48.2604568748848
-72.373151275411	-48.2216859422524
-72.3734117109817	-48.1727221043416
-72.3811941714738	-48.1237533984006
-72.3946226935824	-48.0759406747223
-72.4257659489393	-47.987928321235
-72.4376186618717	-47.9461794059548
-72.44359007752	-47.9077889854732
-72.444665328542	-47.8683905733662
-72.4403483920646	-47.8261908324409
-72.4311399683348	-47.7837451053523
-72.4160274764868	-47.7362393355768
-72.396899676279	-47.6890305120485
-72.3708384978983	-47.6348911423123
-72.341753190857	-47.581920176275
-72.323285571272	-47.5512540418405
-72.3033928850735	-47.5215111118483
-72.281920095436	-47.4933952946571
-72.258793807788	-47.466345898944
-72.2151623659504	-47.4206435828351
-72.1251675739243	-47.3324530700531
-72.0886222214384	-47.2941967384887
-72.0540318314038	-47.2560638118954
-72.0168062721917	-47.2125104905667
-71.9988866248178	-47.1887826508986
-71.9832714793952	-47.164294617003
-71.964617276566	-47.1242236208234
-71.9552070161908	-47.0956920785266
-71.9239335408002	-46.9779849915141
-71.9139971707328	-46.946071945264
-71.8984782131989	-46.9035354801782
-71.8800003557318	-46.8620832728247
-71.8614002803986	-46.8273597507518
-71.8193914952213	-46.7563425352797
-71.7984392484725	-46.7187972949591
-71.7798560902863	-46.6800984681697
-71.7616661264905	-46.6286295318274
-71.7545192834381	-46.5980065531598
-71.7497619192771	-46.5667610340944
-71.7467915080217	-46.5219068892915
-71.7473959594559	-46.4765899452697
-71.7507069979296	-46.4312078192854
-71.7564762828541	-46.382214685959
-71.7746867529912	-46.2608262987946
-71.7785036547198	-46.2244651067792
-71.7785352335142	-46.1774810786888
-71.7736285648064	-46.1454259287636
-71.7653073744357	-46.1142524570852
-71.7307910426724	-46.0181128277447
-71.7206364611038	-45.9812891692597
-71.7142972551142	-45.9436226904348
-71.7124497184797	-45.9105116815688
-71.7163410516981	-45.8166376000452
-71.715805428078	-45.771789131763
-71.7107398815402	-45.7266161620062
-71.7020619013356	-45.6890008653976
-71.6891303122141	-45.6525900209127
-71.671780872789	-45.6181044954261
-71.6402353254998	-45.5742381416769
-71.606492952088	-45.5386805748486
-71.5360724026193	-45.469976287076
-71.5163012732851	-45.4470439085495
-71.497943480707	-45.4232571659854
-71.4727713181418	-45.3860444850649
-71.4528192721916	-45.347748009563
-71.4406716670637	-45.3082006184637
-71.4383690330044	-45.2730634154442
-71.4439810768652	-45.2378406149524
-71.4585550160011	-45.2007853927316
-71.4802486782339	-45.1645506570871
-71.5139271422238	-45.1213008056876
-71.5537525983037	-45.0799404155177
-71.5903578618259	-45.0481005282168
-71.6300758057538	-45.0192632272161
-71.6729160105654	-44.9940036514473
-71.7174615296258	-44.9720040128748
-71.7623925394841	-44.9525207556283
-71.8886385211508	-44.9017398330269
-71.9210273753131	-44.8852104116311
-71.9443432490417	-44.8676284120215
-71.9544534571613	-44.8530613050352
-71.956933445622	-44.8386129769073
-71.9502593365991	-44.8243149443791
-71.9319295201312	-44.8120797389887
-71.904144541937	-44.8026560436414
-71.8660885811231	-44.7942985917066
-71.8216618688002	-44.787236623971
-71.7726127625689	-44.7811692983244
-71.6092259288335	-44.7651587722595
-71.5167965119495	-44.7546809176902
-71.469099627246	-44.7479727486434
-71.4248463626695	-44.7402028381904
-71.3835750944151	-44.7297740200549
-71.3474718792238	-44.7157992389437
-71.3160201429152	-44.6975010255518
-71.2816467511965	-44.6651459247446
-71.2578708553556	-44.6277526194878
-71.2479218911823	-44.6012860734934
-71.2440090623683	-44.5747958123768
-71.2510426717818	-44.5384737013002
-71.2630368642598	-44.5183337689882
-71.2803197268739	-44.5001970927216
-71.3121994793225	-44.4783832756676
-71.3509145667538	-44.4602082900805
-71.398368252293	-44.4435596581517
-71.4494145486425	-44.4289310861007
-71.5549571394604	-44.4011043254043
-71.6060452219094	-44.3855846367215
-71.6536693892309	-44.3673000885282
-71.6958433411972	-44.3447579815955
-71.7302525601075	-44.3161923675837
-71.7525110532425	-44.2846353350527
-71.7648045652784	-44.2554996866612
-71.7725894818191	-44.2238868772775
-71.7765111230898	-44.1890414655911
-71.7768746758256	-44.1528427558885
-71.7743870422282	-44.1170940912193
-71.7548785023409	-43.9889650425027
-71.7498803824736	-43.9342734503594
-71.7497335645523	-43.9010212020668
-71.7515408232504	-43.8678648610745
-71.769721822604	-43.699770381298
-71.7769423309238	-43.6531570627482
-71.7880091757828	-43.6063018958158
-71.8258845338441	-43.4862520020282
-71.8356522252699	-43.4451608329061
-71.8402143843863	-43.4123613420023
-71.8416905019151	-43.3808528728617
-71.8391092695771	-43.3250898590097
-71.8395173360562	-43.2867117592402
-71.8466912325143	-43.2511572635968
-71.8559592696046	-43.2285589625261
-71.8688401639424	-43.206954986983
-71.8951396194978	-43.1758719646194
-71.9268706960258	-43.1462906949596
-71.9898898457398	-43.0910018171801
-72.0203187282267	-43.0602933840324
-72.0504455365323	-43.0221478219644
-72.0689581860714	-42.9914276706504
-72.0840812098799	-42.958478894985
-72.0978557398505	-42.9151843203001
-72.1072086972235	-42.8696003504758
-72.1132706970849	-42.8223705826362
-72.1170009293494	-42.7740569428736
-72.1192644662821	-42.7153227821207
-72.1188522908005	-42.6565854206806
-72.117182163426	-42.6240634425738
-72.1142197498415	-42.591931504935
-72.1053055285273	-42.5340060478408
-72.0760363407045	-42.3780260466647
-72.0694598512911	-42.3486638419627
-72.0612117704068	-42.3203162407019
-72.0467943151055	-42.2852427078846
-72.0220429705066	-42.2433036102734
-71.9894009571884	-42.2030460371449
-71.9707429385357	-42.1846916323129
-71.9146404755775	-42.1364519878689
-71.8919262752773	-42.1150950992594
-71.8655721238544	-42.0850922804843
-71.8443773245538	-42.0515227414813
-71.8300028640409	-42.0133460889508
-71.8241595478248	-41.9834771657386
-71.8216614236358	-41.952116178219
-71.8225559567919	-41.9095176365296
-71.8270272133352	-41.8653352807985
-71.8339783198435	-41.8199380183248
-71.8542302968906	-41.7114271188664
-71.8641956916778	-41.6480404953725
-71.8686266702846	-41.6054628314445
-71.8791492004752	-41.4473303470178
-71.8836799993325	-41.3425741027126
-71.8903712782119	-40.9992361786067
-71.8952484095864	-40.8439423421653
-71.8952492162783	-40.7869136116738
-71.8919855810697	-40.7423992676121
-71.8854928257333	-40.6984207117464
-71.8772084437147	-40.6604105336192
-71.8670826899142	-40.6229393335834
-71.8376417882379	-40.5325361720067
-71.7953969705937	-40.4178817410495
-71.7798937359071	-40.3708523241754
-71.7720012190809	-40.3349181878241
-71.768138102991	-40.3018397128324
-71.764551787435	-40.2317662090433
-71.7585095025115	-40.1799331237146
-71.7492851356005	-40.1398916639691
-71.7379211079727	-40.1048560501665
-71.7110545372371	-40.0302755669638
-71.7010760663074	-39.9969080669537
-71.6921548806432	-39.9601339170466
-71.6850446876622	-39.9226145007586
-71.6799728908362	-39.8871253642441
-71.6695258371476	-39.7832734664972
-71.6618634298534	-39.732898496968
-71.6553883075243	-39.7046162710241
-71.6467493489033	-39.6775529484098
-71.6345044749016	-39.6499862950315
-71.6199621154592	-39.6245873765062
-71.570341303908	-39.5508954063978
-71.554201126181	-39.5237661320014
-71.524869996653	-39.4678902937021
-71.505727789306	-39.4271812537119
-71.4875888602377	-39.3848528548753
-71.4672027484081	-39.3318312552082
-71.4487757494012	-39.2774554591021
-71.3998872261146	-39.1066371873563
-71.383833539786	-39.059528428694
-71.3642120432511	-39.0144935048713
-71.3392533743437	-38.9717120725541
-71.3025949554927	-38.9251196560472
-71.2775319661273	-38.8995551264679
-71.2506171314754	-38.8756251722638
-71.2167005018267	-38.8490129091184
-71.1814679275028	-38.8239763031638
-71.0424346430443	-38.7313586240012
-70.9996693409673	-38.6959399250874
-70.9786335984618	-38.6731667076774
-70.960912421571	-38.6486403545687
-70.9459319376088	-38.6203682531923
-70.9355619980877	-38.590557919912
-70.9292516171683	-38.5440346459821
-70.9339710263417	-38.4928305392979
-70.941119444107	-38.4594475853377
-71.0335861585743	-38.0992372375085
-71.0615079920002	-38.0048025743793
-71.1081431299015	-37.8614164048432
-71.1232736837335	-37.8100978495361
-71.1363776782872	-37.7585186572102
-71.1485991699157	-37.6955154488788
-71.1566222701016	-37.6322747709639
-71.161124403968	-37.560097719634
-71.1694593000067	-37.3455239922384
-71.1697127082748	-37.2988667481019
-71.1682967257133	-37.2606232102929
-71.1575848522591	-37.1081046349209
-71.1522208414187	-36.9227325373766
-71.1495825713785	-36.8849059351608
-71.1449371431346	-36.8476137361849
-71.1370742382854	-36.8087286283235
-71.1262761738063	-36.7706592091552
-71.1121355505152	-36.7318054003989
-71.0955974794401	-36.6940298751786
-71.0723094226417	-36.6481826207313
-71.042885286127	-36.597799798322
-71.013549646499	-36.5571144024077
-70.9886089865155	-36.5286810516891
-70.9616294357498	-36.5017655677267
-70.9285616860729	-36.4720852953001
-70.8939408629804	-36.4439949388153
-70.8104383739318	-36.382661513418
-70.7784748631244	-36.3575886180203
-70.7415185312552	-36.3255165365589
-70.5912972425737	-36.1875830060508
-70.5301336667353	-36.1272986452163
-70.5000805839517	-36.0924995189376
-70.4787511300606	-36.0617315623617
-70.4608290590138	-36.0287965769004
-70.446060565043	-35.9925402926004
-70.4347214675217	-35.9545277429609
-70.4260996562741	-35.9144740623281
-70.4196992712044	-35.873373220098
-70.414246737397	-35.8225930367392
-70.4117661131156	-35.7710641776696
-70.4127567586175	-35.7194473451189
-70.4164592800717	-35.6677024176324
-70.4219341386495	-35.6161493362229
-70.4326237529838	-35.5377029040657
-70.4622071855131	-35.3571086689299
-70.4676107179602	-35.3076588104057
-70.465632807508	-35.2586689793898
-70.4590653913547	-35.2272327042259
-70.4432256438483	-35.1811517240728
-70.3964503699885	-35.0683165685547
-70.2999837822258	-34.8158616437998
-70.2687786184384	-34.7407771931129
-70.2400423202968	-34.6794533311063
-70.217458769007	-34.6355706375748
-70.193570189013	-34.5924327751524
-70.1656890894799	-34.5456475934616
-70.1179439912222	-34.4706664568914
-70.0516092794447	-34.3723615325586
-70.0249321023346	-34.3356223716751
-69.9651443714156	-34.2595910337992
-69.9329010194664	-34.2124209674536
-69.9172236841257	-34.1823013213489
-69.9037749686399	-34.1475806510262
-69.8926844527253	-34.1073433998779
-69.884747744113	-34.0653388280244
-69.8790589673974	-34.0190163187481
-69.8754505411096	-33.9714788775481
-69.8676709494547	-33.7333258416143
-69.8573282953645	-33.5483647450369
-69.8553643163101	-33.4887387266109
-69.8561351099473	-33.4549207471947
-69.8592877076616	-33.4224030174852
-69.8686029393741	-33.3805968207866
-69.8856846946929	-33.3388241355254
-69.9013530745847	-33.3133152577929
-69.919468473791	-33.2899497226016
-69.9813477067312	-33.2210021268467
-70.002327521298	-33.1922149468622
-70.0206581291693	-33.1608026557179
-70.0329254277663	-33.1339036158591
-70.0429948552284	-33.1056954787633
-70.0531897354179	-33.0665146207531
-70.0604434997676	-33.0261813696744
-70.0742991791637	-32.9271550253841
-70.0812138604313	-32.8935203322974
-70.0897585206392	-32.8615097338871
-70.1469220370224	-32.681589365257
-70.1893059420156	-32.5331260722104
-70.2034048160793	-32.4880747231699
-70.2872650563372	-32.2585886426517
-70.2994280038992	-32.2201670642586
-70.3096476325322	-32.1819528623347
-70.3179627299959	-32.143759255785
-70.3241755713455	-32.1065856351189
-70.3327086231045	-32.0278270006156
-70.3372756898212	-31.9988916798071
-70.3444673047223	-31.9702692277426
-70.3575860310704	-31.9365253965298
-70.3795230759292	-31.8964251759811
-70.4376962449857	-31.8069722695545
-70.464385243684	-31.7593280185732
-70.4886911738586	-31.7087979978293
-70.5100582463909	-31.6561264232957
-70.5259510943675	-31.6077027649706
-70.5376155782963	-31.558152600562
-70.5433045609567	-31.5159380630911
-70.5455328813374	-31.4732896423031
-70.5447068126692	-31.4305207456359
-70.5402295738357	-31.3808246131653
-70.5321173319493	-31.3319064949887
-70.5219839186229	-31.2898785317688
-70.5092218229287	-31.2492244448522
-70.4977227531026	-31.2192610235774
-70.4846077859206	-31.190554896791
-70.4609367501309	-31.1485524734179
-70.4065127161888	-31.0630841311277
-70.3920539577239	-31.0369966170002
-70.3715688305371	-30.9944488438391
-70.3504079401743	-30.9376359695243
-70.3124654279371	-30.8255371842936
-70.2768300652552	-30.7305711927063
-70.2574219202854	-30.6834357646488
-70.2337118332345	-30.6305197516851
-70.2085119580604	-30.5793280871215
-70.1819088437181	-30.5305696903389
-70.1659881662209	-30.5039595181172
-70.1496434880565	-30.4786034127173
-70.1234766582211	-30.4426945338257
-70.1084196221678	-30.4252678965961
-70.0767530935804	-30.3943416998096
-70.020836861332	-30.3432163800319
-69.9948452778872	-30.3158325309465
-69.9736633901533	-30.2885772462429
-69.9555402495828	-30.2594695595725
-69.9437476896042	-30.2357408988234
-69.934037230134	-30.2113802844725
-69.9230336651715	-30.1705636594853
-69.9193071471071	-30.1288543116771
-69.9321902528778	-29.9123448133624
-69.9390248962819	-29.8196065009392
-69.9441426106929	-29.7700613376605
-69.9653627223117	-29.6049796083222
-69.9714901739324	-29.5499413230336
-69.9757191180428	-29.4962969743258
-69.9774086815654	-29.4431461213964
-69.975669621156	-29.3907247499472
-69.9694327921896	-29.3393015872984
-69.9616939038505	-29.3034694583488
-69.9513228024053	-29.2683442963522
-69.9281815527364	-29.2091926936878
-69.865759533076	-29.0798536476277
-69.8433493593854	-29.0287264950317
-69.819764825786	-28.9683526750359
-69.7979563237253	-28.9066072360351
-69.7775403193302	-28.8439507442314
-69.7314940107399	-28.6919852869914
-69.7171774153055	-28.6480346137064
-69.6859535797938	-28.5647493199251
-69.667211072533	-28.5198571014241
-69.6470287308912	-28.475816215346
-69.6248151993619	-28.4329691855794
-69.5948903940764	-28.3833802208205
-69.5622199684767	-28.3354924388249
-69.5278085336369	-28.2888146802533
-69.4728469011635	-28.2193871783755
-69.3795105251905	-28.1107061586623
-69.3025614030863	-28.0179101772129
-69.2363464270459	-27.9329086307287
-69.211230353398	-27.8970276811825
-69.1717099158799	-27.8319414109673
-69.1460155583713	-27.7845914972997
-69.0384517286643	-27.5701013717808
-69.0098047233093	-27.5147127277102
-68.9798454137348	-27.4607674667452
-68.9150668555509	-27.3572083091161
-68.8853251279522	-27.3137136757455
-68.8542923444161	-27.272636741992
-68.8264360571783	-27.2404047026149
-68.7965129704971	-27.2113809181948
-68.7680689879934	-27.1890624411787
-68.7379372945704	-27.1697263876626
-68.692924155925	-27.1468424843931
-68.5929068810477	-27.1044630238494
-68.5645459050695	-27.0903713614491
-68.5369787255877	-27.0753258538051
-68.4908089832479	-27.0467571587159
-68.4504251623913	-27.0146521593696
-68.4213947670548	-26.980719769102
-68.4029302213526	-26.9425464143854
-68.3959117736094	-26.9097506376817
-68.3952125444234	-26.8752102679395
-68.3999233902522	-26.8418342963157
-68.4088196817829	-26.8077088368933
-68.4250135984987	-26.7620585429673
-68.4847680805824	-26.6177508965866
-68.5023305334273	-26.5668170181908
-68.5157462761697	-26.5148905202813
-68.5224830877243	-26.471681786785
-68.524970054924	-26.4252200228857
-68.5212036726114	-26.3648202340665
-68.5152057071776	-26.3261379224271
-68.5072570429781	-26.2877307214956
-68.4843285252412	-26.1898368035256
-68.4756476375284	-26.1400800873261
-68.4719041681428	-26.0998339949429
-68.4709097553809	-26.0589292130127
-68.4738459375399	-25.9964951172558
-68.480888059936	-25.933277743473
-68.4908299068746	-25.8695595291489
-68.5335504020294	-25.6514283697234
-68.5432465451919	-25.5958923996145
-68.5506111563797	-25.5406536347574
-68.5545002943531	-25.4858076227235
-68.5535381474675	-25.4246282062267
-68.5476476564142	-25.367058174695
-68.5379019642043	-25.3110400654466
-68.5252020701194	-25.2571030224864
-68.490302556118	-25.1376999516914
-68.4835535398639	-25.1052918268563
-68.4806961095378	-25.079013290431
-68.4812026059155	-25.0329198573655
-68.4856628853339	-24.9895363505221
-68.5044011891635	-24.8780087732862
-68.5078890748209	-24.84999996013
-68.5095767902366	-24.8216603718287
-68.508411372287	-24.7851884624775
-68.503183275088	-24.7487743426618
-68.4882384681308	-24.6974300289726
-68.465116802998	-24.6480503517423
-68.4327789511876	-24.5986443279733
-68.4009659050524	-24.5589661340798
-68.3762822425314	-24.532355545472
-68.3498361803954	-24.5067098143064
-68.3008960288286	-24.4644999164379
-68.2694970368588	-24.4399819953728
-68.2367947896478	-24.4166265424809
-68.1920456838612	-24.3883586094622
-68.1452878532518	-24.3622006415463
-68.0970056564858	-24.3376945825389
-68.0475872274685	-24.3144688712414
-67.9409135916889	-24.2683226497704
-67.6985333257524	-24.1686703233767
-67.6373337248714	-24.1415401370676
-67.5778185748673	-24.1128569492888
-67.5287305145016	-24.0864913162212
-67.4820283582221	-24.0578568591067
-67.4384689143089	-24.0262202140916
-67.3989988568118	-23.9906698598261
-67.3618412063066	-23.9471704438608
-67.3388931759793	-23.9142584378766
-67.3087642326831	-23.8630273668195
-67.2817910760972	-23.8089126924667
-67.2571834467586	-23.752682148962
-67.2343587863289	-23.6949284219091
-67.1910257773177	-23.5719219637276
-67.1506409141468	-23.4423772436148
-67.1322775970335	-23.3775405280729
-67.1154871249308	-23.312975257602
-67.1007492870499	-23.2489312269945
-67.0893717614975	-23.1894615682967
-67.0811604143216	-23.1310080868537
-67.0770831894376	-23.0739440255962
-67.0783575116898	-23.0187406229813
-67.0855404013684	-22.9653718868031
-67.0952959348595	-22.9137208071695
-67.1033427492684	-22.8631363036974
-67.1052649719009	-22.8130588110153
-67.0987661398455	-22.7681825141117
-67.0863482155976	-22.726480358182
-67.0692172664636	-22.6849658781727
-67.048583521812	-22.6436424042735
-67.0268971512825	-22.6054459891411
-67.0024994039243	-22.5681225648045
-66.9694466027785	-22.525730574906
-66.936542898436	-22.4894489917775
-66.8299612713955	-22.3846223071737
-66.7568432351272	-22.310986697578
-66.7316741635318	-22.2868947439972
-66.6854925726241	-22.2476264781794
-66.6581806054505	-22.2274853398765
-66.5934573492772	-22.1849068081027
-66.4808104191655	-22.1149706523736
-66.4432348006455	-22.0899550177098
-66.4073793639664	-22.0637468937041
-66.3578008043636	-22.021965437355
-66.2892819999643	-21.9583534536489
-66.2532176471767	-21.928595411449
-66.2155955471967	-21.9055923677935
-66.1898404557724	-21.8958451440381
-66.1581766647213	-21.8903284975621
-66.128745670876	-21.8905172661588
-66.0985941770796	-21.8950046403518
-66.0534791677294	-21.9080696690799
-66.0063758265831	-21.92686530469
-65.9580905388473	-21.9491869158434
-65.858345191977	-21.9979305241743
-65.8075756395041	-22.0210107854194
-65.755254949856	-22.041238552717
